1 2
1 1308
2 4
2 18
2 704
3 258
3 704
3 1461
4 984
4 1330
5 161
5 760
5 1001
6 143
6 664
7 711
7 1325
8 346
8 700
9 558
9 711
9 814
9 845
9 1172
10 125
10 418
11 73
11 488
11 1067
12 520
12 689
13 571
13 992
14 343
14 524
14 709
15 614
15 766
16 103
16 551
17 599
17 637
17 1395
18 1176
19 889
19 969
19 1304
20 547
20 795
20 914
20 937
21 250
21 339
22 1384
24 1175
24 1349
25 532
26 1399
27 511
28 45
28 706
28 1085
29 306
30 515
30 598
30 1124
30 1331
31 272
31 864
31 1434
32 486
32 859
33 580
33 797
34 240
34 1480
35 145
35 1254
35 1373
36 128
36 1188
37 341
37 686
37 1090
37 1344
38 141
38 840
38 1391
39 963
39 1022
39 1032
40 1415
41 65
41 805
41 1089
42 841
42 1475
43 668
43 1102
44 381
45 194
45 404
46 521
46 969
47 228
47 517
48 624
48 1154
48 1444
48 1458
49 217
49 445
50 839
50 1331
51 786
52 990
52 1376
53 833
54 261
54 1136
55 1057
55 1206
56 1290
57 1139
57 1259
57 1484
58 516
58 553
58 1153
59 1018
60 723
62 1472
63 699
63 920
64 165
64 693
65 566
65 1066
66 329
66 722
67 68
67 428
67 1321
68 1214
69 619
69 682
69 971
70 228
70 1456
71 165
72 584
72 1059
72 1276
74 433
74 1492
75 902
76 655
77 392
77 394
78 344
78 912
78 1293
78 1392
79 174
79 1322
80 216
80 321
81 126
81 424
81 1393
82 546
82 1060
83 1064
83 1433
84 271
84 822
84 1145
84 1260
85 576
86 469
87 750
87 1338
87 1363
88 224
88 346
89 203
90 508
90 881
90 1036
91 1174
91 1399
92 403
93 483
93 562
93 1118
94 664
94 989
94 1155
95 183
95 573
96 451
96 571
96 613
96 1483
97 201
97 708
97 946
97 1123
98 858
98 930
98 1364
99 247
99 808
99 1301
99 1420
100 552
100 838
101 984
101 1343
101 1487
102 697
102 1181
102 1245
103 551
103 1315
104 427
104 834
105 576
105 597
106 1196
107 197
107 945
107 1305
108 570
108 1461
109 1323
109 1421
109 1499
110 808
110 1160
111 495
111 646
111 1157
111 1260
112 370
112 1376
114 132
114 1059
114 1093
115 159
115 232
115 928
116 436
117 135
117 1183
118 904
118 1124
119 259
119 922
119 964
120 218
120 330
121 587
122 779
122 933
123 380
123 1098
124 950
125 1292
128 809
128 1457
129 832
129 1250
130 151
130 650
130 653
130 1339
131 262
131 465
131 1439
132 270
132 1166
133 452
133 796
133 1270
134 880
134 1361
135 939
135 1444
136 263
136 936
136 1137
137 632
137 703
137 1452
138 681
138 1039
139 294
139 481
139 1317
140 1006
140 1285
141 1122
142 1300
142 1424
143 1358
144 1120
144 1125
144 1255
144 1462
145 439
146 160
146 980
146 1216
147 258
148 937
148 1121
149 233
150 498
150 852
150 1246
150 1296
151 1244
152 442
152 768
152 912
153 461
154 264
154 721
154 903
155 997
156 198
156 338
156 676
156 828
156 1495
157 828
157 1306
157 1492
158 437
158 478
158 1187
159 1040
159 1109
160 1203
160 1501
161 440
161 1001
162 426
162 579
162 1254
163 813
164 902
166 275
166 641
167 918
168 637
168 1326
168 1415
169 567
169 1141
169 1194
169 1470
170 374
170 1050
171 387
172 893
172 1172
175 1291
176 851
177 487
177 683
177 720
178 401
178 832
179 609
179 1306
179 1460
182 374
183 573
184 629
184 1292
185 933
185 1390
186 328
187 1205
188 438
188 876
189 345
189 499
190 586
191 1260
192 1088
192 1149
192 1175
193 815
193 1257
193 1302
194 670
194 1148
195 1013
195 1442
196 358
196 1223
197 313
197 1000
197 1305
198 1495
199 924
199 1354
200 361
200 566
201 355
204 656
206 1307
207 910
207 1239
208 1376
209 690
209 739
209 1113
210 1394
211 289
212 798
212 944
213 358
213 589
213 1285
214 344
214 536
215 255
215 1381
216 1134
216 1234
217 575
217 961
218 1432
219 513
219 624
219 1144
221 566
222 787
223 474
223 522
224 312
224 991
225 415
226 274
226 1206
227 638
227 639
230 281
230 1118
231 807
231 1013
231 1046
231 1176
233 948
233 1317
234 441
234 1374
235 866
235 1374
236 1070
236 1387
237 838
237 1048
238 858
239 957
240 713
240 1390
241 1032
242 806
242 1327
243 926
243 1231
243 1472
244 611
245 653
245 899
245 1005
245 1092
246 1312
246 1358
247 471
248 826
249 799
249 1195
251 908
252 309
253 514
253 727
254 311
254 372
256 792
256 1357
257 617
257 962
257 1200
258 570
260 531
261 1017
261 1136
262 991
262 1225
263 1239
263 1478
264 1276
265 1125
266 1012
266 1450
267 327
268 468
268 586
268 1423
269 607
269 640
269 1052
269 1371
270 612
271 454
271 1476
272 1396
273 454
273 465
273 1232
275 1325
276 1129
277 346
277 899
278 296
278 366
278 1372
279 818
280 361
280 1164
280 1473
281 1353
283 507
283 1363
284 797
285 1021
285 1209
286 495
286 646
286 841
286 916
287 1280
288 870
289 1177
289 1295
290 447
290 1120
291 411
291 1213
292 886
293 697
293 1304
294 600
294 1047
295 459
295 1149
296 1389
297 298
297 1471
298 364
298 827
299 695
300 1294
300 1324
301 527
303 1419
304 800
304 892
305 1473
306 864
306 1385
307 862
307 1264
307 1306
308 560
308 1158
309 1271
310 893
311 910
312 491
313 830
314 496
314 559
314 795
315 1258
315 1382
316 1096
316 1450
318 869
318 1346
318 1386
319 872
319 1091
319 1100
320 1437
320 1471
321 1492
322 1454
323 798
325 578
326 445
327 474
327 1037
328 627
329 1436
330 945
331 961
331 1284
332 1057
332 1299
333 856
333 974
333 1028
334 347
336 1086
336 1368
337 1077
338 1327
339 1284
340 893
341 1344
342 630
343 1033
345 1203
345 1451
346 895
347 706
347 1143
348 858
348 1091
348 1231
348 1317
349 759
349 891
350 957
350 1079
350 1137
351 568
352 1426
352 1449
353 665
353 781
354 900
354 1413
355 820
355 992
356 1233
357 428
357 1103
357 1214
358 1390
359 497
359 1330
360 1198
360 1470
361 905
362 643
362 1418
363 1089
363 1130
364 1067
365 1045
366 458
366 1411
367 473
367 606
368 417
370 423
370 1165
371 375
371 1319
374 810
375 720
375 1334
376 416
377 1132
377 1240
378 1047
378 1095
378 1472
379 642
379 983
379 1382
380 766
380 1493
381 1086
381 1250
385 574
385 1045
385 1401
386 969
387 961
387 1270
388 534
388 786
389 547
389 577
390 661
391 739
391 1212
392 724
392 1277
393 425
393 983
393 1258
395 451
395 726
397 732
397 1340
398 1367
398 1440
399 599
400 738
401 832
401 1238
402 415
403 923
404 523
404 798
406 605
406 938
407 745
407 752
409 1027
409 1428
410 605
410 1164
410 1359
411 449
411 564
411 701
411 1218
412 778
413 740
413 1413
414 546
416 997
416 1286
417 797
417 1359
419 877
419 1429
420 1022
420 1086
421 569
421 1438
423 434
423 1134
423 1165
423 1234
424 1255
426 738
426 804
427 1292
429 1115
430 1355
430 1471
431 740
431 1321
431 1440
432 897
433 1272
434 1026
434 1234
436 648
437 860
438 1350
439 781
441 1378
442 806
442 954
443 1416
444 1396
445 537
446 857
446 1033
447 508
447 794
448 637
448 1116
448 1395
450 940
451 613
451 1017
451 1303
452 1404
453 860
453 1037
454 1142
455 909
456 1495
457 1430
459 824
460 516
460 1102
461 467
462 894
462 996
462 1406
463 590
463 932
463 980
463 1035
465 679
465 822
466 481
466 616
467 533
467 1325
468 1192
468 1356
469 702
470 642
470 1414
471 567
471 1247
471 1370
472 1324
473 606
473 1265
475 1392
476 680
476 873
476 1073
477 794
477 1120
477 1121
478 667
478 960
479 888
479 1182
480 1069
482 514
482 911
483 631
484 965
484 1168
484 1419
485 525
485 1202
486 859
486 1251
486 1334
487 1274
487 1313
488 719
488 952
489 720
489 1313
490 497
491 1170
492 1322
493 1190
493 1407
498 1291
499 753
499 774
500 1207
500 1216
501 1488
504 949
505 723
505 846
505 1287
506 543
506 1109
507 863
507 1103
508 1024
509 1498
510 938
511 580
512 788
512 913
513 539
513 878
513 1031
514 911
515 598
516 1102
516 1213
517 1490
518 920
519 1008
519 1054
519 1283
520 1357
521 756
521 970
522 937
522 981
523 1451
524 1167
525 964
526 778
527 778
527 1309
528 635
528 951
529 974
529 1023
530 802
530 852
531 1028
532 877
532 1167
532 1187
533 548
533 710
534 1004
534 1147
535 1016
535 1422
536 1418
538 924
539 1353
540 1150
540 1208
541 546
542 682
543 597
543 1352
544 561
544 660
544 1224
547 675
547 1288
548 1063
550 1226
552 741
552 1073
553 1153
553 1463
554 631
554 1296
555 918
556 647
556 1348
556 1447
557 1372
558 845
560 1241
561 1006
561 1224
561 1387
562 1118
563 1211
565 685
565 789
565 987
567 1141
567 1370
568 1004
569 1008
571 1405
572 600
572 994
572 1237
572 1292
573 632
574 1401
575 1120
575 1424
576 597
576 1309
577 585
580 1233
581 1479
582 763
583 819
584 618
585 1355
585 1406
587 1095
588 593
588 866
589 690
589 1226
590 970
592 682
592 1096
592 1278
594 1223
594 1387
595 725
595 1302
596 617
596 1254
596 1468
597 717
599 1248
601 927
602 1135
603 671
603 1266
604 677
604 737
604 1398
605 854
605 1477
606 871
607 698
607 789
608 1003
608 1198
609 1027
609 1413
610 984
610 1046
611 1055
612 733
613 924
614 1010
614 1163
615 755
615 1375
616 1090
618 1059
620 817
620 868
620 1068
621 948
621 988
622 1199
623 901
624 1458
625 1409
626 958
627 636
628 1193
629 765
630 818
630 1156
631 676
631 875
633 761
637 1186
637 1300
637 1415
638 819
639 1174
640 1053
640 1263
641 1071
642 770
643 740
644 942
644 1075
645 790
645 1206
646 1142
647 1481
648 1035
649 1456
650 1056
651 1032
652 1146
652 1287
653 899
654 908
654 1129
655 1320
656 772
657 1193
658 678
660 780
661 725
661 956
661 1150
662 956
662 1090
662 1344
663 1131
663 1447
665 781
665 962
666 868
666 1417
667 860
667 1025
667 1167
668 721
669 1188
671 833
671 934
672 692
674 1020
674 1338
675 1288
677 1398
678 1223
679 716
681 1347
682 1096
682 1162
685 1269
687 792
687 1347
688 913
688 1207
692 1224
693 1002
693 1009
693 1319
694 834
694 1450
694 1464
695 1390
696 1078
697 939
697 1197
698 1217
700 930
703 1452
705 842
705 989
705 1246
706 1085
707 789
709 922
710 1063
712 727
713 904
713 915
713 1499
714 857
714 1192
715 982
715 1124
717 1159
718 1245
718 1458
719 952
719 1039
722 1030
723 831
724 769
728 1118
729 992
730 1186
730 1311
730 1343
731 1235
731 1467
732 1251
733 848
734 889
734 980
734 1358
735 1157
735 1320
736 803
736 1106
737 763
737 1441
741 876
741 1453
743 1119
744 950
744 1363
745 777
745 1060
748 840
748 929
748 1042
749 1388
751 1149
752 823
752 1410
753 1371
755 1049
756 1479
757 1465
758 1124
760 1360
760 1400
761 1463
762 1140
763 877
764 1296
765 1201
766 1311
767 941
767 1259
768 875
768 912
768 1418
769 1431
769 1463
770 1278
771 1441
772 1256
773 1194
773 1438
773 1499
776 873
778 1309
779 1042
780 1046
782 1283
783 1262
783 1482
784 1175
785 1009
786 1184
788 1035
789 1263
790 1485
791 862
791 1279
793 1145
794 1006
795 1310
798 1272
798 1307
799 1435
800 1196
800 1443
801 1294
802 1473
804 1295
805 1190
806 1246
806 1327
808 1301
809 1127
809 1335
810 1281
812 1251
813 992
813 1346
814 986
814 1405
817 1020
818 1249
821 827
822 1145
823 1397
824 1318
825 1316
826 1010
826 1164
829 1252
830 1265
831 1448
833 1498
834 1143
835 1348
836 1205
836 1271
837 1266
837 1449
838 1048
839 958
839 1333
841 978
841 1421
842 999
842 1083
842 1246
843 1030
843 1108
843 1168
843 1321
845 1332
845 1391
847 1206
847 1330
848 932
849 1074
850 853
850 1461
851 1233
852 1289
852 1351
853 1181
853 1486
856 1005
858 1244
861 1179
861 1230
862 938
863 1079
864 1242
864 1385
866 1226
867 1479
868 921
869 1071
869 1383
870 1101
870 1209
870 1469
871 909
872 1104
874 1111
874 1201
874 1501
876 1266
878 1084
878 1345
879 1282
879 1484
880 1112
882 1171
883 951
883 1158
884 1053
884 1241
885 1229
887 1015
887 1306
888 1003
888 1182
889 1304
890 1072
891 1112
891 1191
894 956
896 916
896 978
897 1452
898 931
898 1393
900 1097
900 1214
902 936
903 1215
906 1491
907 1157
908 1253
909 1138
911 1044
912 1418
913 1186
914 1396
915 1147
915 1408
916 965
917 1335
918 1423
920 1380
921 950
921 1239
922 1210
923 1222
923 1324
926 1472
928 1465
929 1379
930 1091
930 1361
931 1294
932 1236
933 1297
934 1295
934 1391
935 1312
936 1137
936 1427
937 981
941 1282
941 1314
942 1419
943 1088
947 1070
947 1454
948 988
951 1128
952 1039
952 1146
955 1015
958 1333
959 1301
961 1099
961 1284
962 1166
962 1281
963 1448
964 1210
965 966
966 1326
968 1493
969 1107
971 1369
972 1337
972 1348
973 1369
975 1336
978 1055
979 1057
980 1410
983 1258
984 1343
985 1307
985 1362
986 1325
986 1405
989 1076
989 1235
990 1317
993 1097
993 1212
993 1400
994 1237
995 1041
995 1063
995 1106
995 1110
998 1295
998 1322
999 1291
1003 1316
1004 1443
1005 1092
1005 1273
1009 1319
1010 1111
1014 1461
1015 1198
1016 1427
1018 1074
1018 1497
1019 1211
1019 1440
1021 1184
1021 1185
1024 1393
1025 1423
1026 1357
1028 1086
1029 1445
1029 1465
1030 1119
1034 1386
1035 1098
1038 1314
1038 1341
1039 1221
1041 1106
1041 1110
1043 1067
1043 1500
1044 1500
1045 1297
1050 1478
1052 1268
1053 1443
1054 1377
1057 1366
1058 1363
1059 1425
1061 1408
1061 1421
1062 1366
1062 1444
1064 1183
1065 1136
1065 1496
1066 1347
1069 1127
1069 1134
1072 1243
1074 1388
1076 1351
1077 1131
1077 1403
1079 1423
1080 1336
1081 1172
1083 1495
1084 1311
1085 1123
1086 1368
1088 1308
1088 1349
1089 1351
1092 1476
1093 1128
1093 1135
1095 1162
1096 1382
1097 1214
1100 1261
1101 1342
1103 1192
1104 1278
1108 1188
1108 1455
1108 1488
1109 1434
1112 1237
1116 1166
1117 1191
1118 1454
1122 1360
1131 1403
1132 1252
1133 1473
1134 1234
1138 1291
1139 1484
1139 1489
1140 1345
1142 1320
1144 1223
1146 1183
1146 1286
1154 1458
1155 1328
1155 1482
1156 1425
1160 1316
1162 1472
1163 1328
1163 1494
1164 1485
1166 1230
1168 1488
1169 1203
1170 1277
1170 1365
1171 1340
1173 1435
1176 1249
1178 1221
1179 1466
1188 1455
1190 1407
1195 1444
1202 1366
1211 1469
1216 1501
1220 1318
1222 1405
1222 1483
1225 1439
1227 1456
1228 1286
1231 1257
1231 1317
1232 1248
1252 1439
1255 1354
1258 1382
1262 1298
1264 1272
1273 1337
1274 1495
1275 1383
1279 1412
1280 1361
1282 1314
1283 1308
1284 1424
1290 1315
1295 1384
1303 1342
1304 1397
1307 1362
1312 1358
1324 1483
1339 1364
1343 1484
1346 1429
1350 1442
1355 1400
1356 1436
1367 1492
1372 1389
1378 1396
1378 1469
1380 1474
1389 1417
1403 1475
1417 1480
1442 1486
1446 1468
1450 1464
1460 1492
